00100000000100000000000000000000
00100001010110010000000000000000
00100001011110000000000000000000
00010010000010010000000000000110
10001111001011110000000000000000
10101111000011110000000000000000
00100011001110010000000000000100
00100011000110000000000000000100
00100010000100000000000000000001
00001000000100000000000000010110
00100000000100000000000000000000
00010010000010010000000000010001
00000001001100001001000000100010
00100000000100010000000000000000
00100001011110000000000000000000
00010010001100100000000000001011
10001111000011110000000000000000
00100011000110010000000000000100
10001111001011100000000000000000
00000001111011101011000000101010
00100000000101010000000000000001
00010010110101010000000000000010
10101111001011110000000000000000
10101111000011100000000000000000
00100011000110000000000000000100
00100010001100010000000000000001
00001000000100000000000000100010
00100010000100000000000000000001
00001000000100000000000000011110
